                                                                                                                                                                                                 
                                                                                                                                                                                                 
                                                                                                                                                                                                 
                                                                                    22222222                            222222222    22222222222    222222222                                    
                                                                                    20000002                222222222222200000002    20000000002    200000002                                    
                                                                                    20000002                200000000000200000002    20000000002    200000002                                    
                                                                                    20000002                200000000000200000002    20000000002    200000002                                    
                                                                                    20000002                200000000000200000002    20000000002    200000002                                    
                                                                                    20000002      2222222222200000000000200000002    200000000022222200000002                                    
                                                                                    20000002      2000000000200000000000000000002    200000000000000000000002                                    
                                                                                    20000002      2000000000200000000000300000002    200000000030000300000002                                    
                                                                                    20000002      2000000000200000000000000000002    200000000000000000000002                                    
                                                                                    20000002      2000000000200000000000200000002    200000000022222200000002                                    
                                                                                    200000022222222000000000200000000000222030222222220000000002    200000002                                    
                                                                                    2000000000000000000000000000000000002 2000000000020000000002    200000002                                    
                                                                                    2000000300000030000000003000000000002 2000000000020000000002    200000002                                    
                                                                                    200000000000000000000000000000302222222000000000000000000002    200000002                                    
                                                                              222222200000022222222000000000222000000000000000000000030000000002    200000002                                    
                                                                              2000002220302222222220000000002 20000000000000000000000000003022222222222030222                                    
                                                         2222222222222222222222000000000000000000020000000002 200000000000000000000002222000000000000020002                                      
                                                         2000000200000000000002000003000000000000020000000002 200000000000000000000002  2000000000000020002               2222222222222222       
                                                         2000000200000000000002000000000000000000020000000002 200000000000000000030222  2000000000000020002222222222222   2000000000000002       
                                                         2000000200000000000002000002222000000000022220302222 2000000000000022222222    2000000000000020000000000000002   2000000000000002       
                                                         2000000200000000000002203022222000000000022220002    200000000000002           20000000000000200000000000000022222000000000000002       
                                                         2000000200000000000000000000000000000000000000002    222222000222222           20000000000000200000000000000000000000000000000002       
                                                         200000000000000000000300000000300000000003000000222222222220302222222222222222220000000000000200000000000000030003000000000000002       
                                                         200000030000000000000000000000000000000000000000000000200000000000020000000000020000000000000200000000000000000000000000000000002       
                                                         200000000000000000000222222222200000000002222000000000200000000000020000000000020000000000000220000000000000022222000000000000002       
                                                         2000000200000000000002        200000000002  200000000020000000000002000000000002000000000000022000000000000002   2000000000000002       
                                                         2000000200000000000002        200000000002  200000000020000000000002000000000002000000000000022000000000000002   2000000000000002       
                                                         2000000200000000000002        200000000002  2000000000000000000000000000000000022222203022222222222220302222222222222222030222222       
                                                         200000022222203022222222222222200000000002  222000000030000000000003000000000002   2000000000000002 200022000000000002 20002            
                                                         20000002    20002222000000000022222222222222222000000000000000000000000000000002   2000000000000002 200022000000000002 20002            
                                             2222222222222000000222222000000000000000002   2000000000002220302220000000000002000000000002   20000000000000022203022000000000002 20002            
                                             2000000000002220302200000000000300000000002   2000000000002 20002 20000000000002000000000002   20000000000000020000002000000000002 20002            
                                             2000000000002 20002200000000000000000000002   2000000000002 20002 20000000000002000000000002   20000000000000000000002000000000002220002            
                                             2000000000002 20002200000000000200000000002   2000000000002220002 20000000000002000000000002   20000000000000030000002000000000000000002            
                                             2000000000002 20000000000000000000000302222   2000000000000000302222222203022222222222222222   20000000000000000000000000000000003000002            
                                             2000000000002 20000300000000000300000002      20000000000030000002 2000000000000002            20000000000000000000003000000000000000002            
                                             2000000000002 20000000000000000000000002      20000000000000000002 2000000000000002            20000000000000000000000000000000002222222            
                                             2000000000002 22222200000000000222220302      20000000000020000002 2000000000000002 2222222222220000000000000020000002000000000002                  
                  222222222222222            2000000000002      200000000000200000002      2000000000002000000222000000000000002 2000000000020000000000000020000002000000000002                  
                  200000000000002            2000000000002      200000000000200000002      2000000000000000000000000000000000002 2000000000022222222222222220000002000000000002                  
                  200000000000002            2000000000002 22222222220302222200000002      2000000000003000000303000000000000002 200000000002           22222203022000000000002                  
                  200000000000002            2000000000002220000000000000000000000002      2000000000000000000000000000000000002 200000000002           20000000022000000000002                  
                  200000000000002            20000000000000000000000000000003000000022222222222203022222000000000000000000000002 200000000002           20000000022222203022222222               
                  200000000000002            2000000000000030000000000000000000000002200000000000002   2000000222000000000000002 200000000002           2000000002   2000000000002               
                  200000000000002            2222200000000000000000000002222200000222200000000000002   20000002 2000000000000002 200000000002           2000000002   2000000000002               
                  200000000000002                200022222220000000000222   2000002  200000000000002   20000002 2000000000000002 200000000002           2000000002   2000000000002               
                  200000000000002                2000222222222220302222     2000002  2000000000000022222220302222000000000000002 200000000002           2000000002   2000000000002               
                  200000000000002          222222203022000002  20002      222203022222000000000000000000000000002000000000000002 200000000002           2000000002   2000000000002               
                  200000000000002          200000000022000002  20002      200000000002000000000000000000000000002222222030222222 200000000002           2000000002   2000000000002               
                  200000000000002          200000000022000002  20002      200000000002000000000000000000000000002     20002      200000000002           2000000002   2000000000002               
                  200000000000002          2000000000220000022220302222222200000000002000000000002000000000000002     20002222222222220302222           2000000002   2000000000002               
                  200000000000002          2000000000220000020000000000000200000000002000000000002000000000000002     20000000000002220002222222222222222222030222   2000000000002               
                  22222203022222222222222222000000000000000020000000000000200000000002000000000002000000000000002     200000000000000000000000000000020000000002     2000000000002               
                       200020000000000000022000000000300000000000000000000000000000000000000000002000000000000002     200000000000030000000000000000020000000002     2000000000002               
                       200020000000000000022000000000000000030000000000000300000000003000003022222000000000000002     200000000000000000000000000000020000000002     2000000000002               
                       20002000000000000002200000000022000000000000000000000000000000000000002   2000000000000002     200000000000000000000000000000000000000002  2222222203022222222222222222   
                       20002000000000000002200000000022000002000000000000020000000000222220002   2000000000000002     222222000000000000000000000000030000000002  200000000002  20000000000002   
                       200000000000000000000000000000220000020000000000000200000000002   20002   2000000000000002        200000000000000000000000000000000000002  200000000002  20000000000002   
                       200030000000000000030000030222220000020000000000000200000000002   20002   2000000000000002        20000000000022200000000000000000000000222200000000002  20000000000002   
                       2000000000000000000000000002   20000022222203022222200000000002   20002  22222222222222222222222222000000000002 2000000000000000000000000000000000000022220000000000002   
                       2222200000000000000222222222   22222220000000000002200000000002   20002  2000002       200000000002000000000002 2000000000000020000000000003000000000000000000000000002   
                           200000000000000222222222222222   20000000000002200000000002   20002  2000002       200000000000000000000002 2000000000000020000000000000000000000000030000000000002   
                 2222222222200000000000000200000000000002   20000000000002222220302222   20002  20000022222222200000000003000000000002 2222220302222220000000022222000000000000000000000000002   
                 2000000000200000000000000200000000000002   2000000000000200000000002    200022220000020000002200000000000000000000002      2000000002000000002   2000000002222220000000000002   
                 2000000000222222203022222200000000000002   2000000000000200000000002    200000000000020000002200000000002000000000002      2000000002000000002   2000000002    20000000000002   
                 20000000002     200022222200000000000002   2000000000000000000000002   2200000030000020000002200000000002000000000002      20000000022220302222222222030222    20000000000002   
                 20000000002     200000000000000000000002   2000000000000300000000002   2000000000000020000002222220302222000000000002      2000000002 200000000002  20002      20000000000002   
                 2000000000222222200000000300000000000002   2000000000000000000000002   2000000020000000000002200000002  22222000222222222222000000002 200000000002 22030222222222222203022222   
                 2000000000000000000000000000000000000002   2000000000000200000000002   20000000200000300000022000000022222222030222000000000000000002 200000000002 200000000000002  20002       
                 2000000000300000000022222200000000000002   2000000000000200000000002   200000002000000000000220000000200000000000020000000000000000022200000000002 200000000000002  20002       
                 200000000000000000002    200000000000002   2000000000000200000000002   20000000200000200000022000000020000000000002000000000020000000000000000000222000000000000022220002       
                 200000000022222222222    2000000000000022222222220302222222220302222   20000000222222200000022000000020000000000000000000000000000003030000000000000000000000000000000002       
                 20000000002              2000000000000020000000000002 20000000002      20000000200000200000000000000000000000000003000000000030000000000000000000303000000000000030000002       
                 20000000002              2000000000000020000000000002 20000000002      20000000000000000000003000000030000000000000000000000000000002220000000000000000000000000000000002       
                 20000000002              2222220302222220000000000002 20000000002      20000000300000300000000000000000000003022222000000000022203022220000000000222000000000000022222222       
                 20000000002              2000000000000020000000000002220000000002      2000000000000000000022200000002222222222   200000000002 2000000200000000002 200000000000002              
                 20000000002222222222222222000000000000000000000000000000000000002      200000002000002222222 200000002            200000000002 2000000200000000002 200000000000002              
                 22220302222000000000000002000000000000030000000000000030000000002      200000002203022222    200000002            200000000002 20000002000000000022222222030222222              
      2222222222222220002  2000000000000002000000000000000000000000000000000000002      200000002000000002    200000002          222222203022222200000022222222222200000020002                   
      2000000000000000002  2000000000000002000000000000020000000000222220000000022222222222030222000000002    200000002222222222220000000000000000000002          200000020002                   
      2000000000000000002  20000000000000020000000000000000000000002   200000000220000000000002 2000000002    200000002000000000020000000003000030000002          2000000200022222222222222      
      20000000000000000022220000000000000020000000000000300000000002   200000000220000000000002220000000022222222030222000000000020000000000000000000002          2000000200022000000000002      
      20000000000000000000000000000000000000000000000000000000000002   200000000220000000000000000000000000000000000002000000000020000000002222220000002          2000000000022000000000002      
      20000000000000000000030000000000000030000000000000222220302222222222203022220000000000000030000000003000000000002000000000020000000002    20000002          2000000300022000000000002      
      200000000000000000000000000000000000000000000000002   2000000000000220002  20000000000000000000000000000000000000000000000000000002222    20000002          2000000000000000000000002      
      200000000000000000222200000000000000200000000000002   2000000000000220002  20000000000002220000000000000000000003000000000030000302222222220000002          2000000000003000000000002      
      2000000000000002222  200000000000000200000000000002   2000000000000220002  20000000000002 2000000000000000000000000000000000000000000000002222222222222222222000000000000000000000002      
      2000000000000002     2000000000000002000000000000022222000000000000220002  20000000000022 2000000002200000000000200000000002200000000000002     2000000000002000000222222000000000002      
      2000000000000002     2000000000000002222220000000000000000000000000000002  2000000000002  20000000022000000000002000000000022000000000000022222220000000000020000002    2000000000002      
      2000000000000002     2000000000000002200000000000030003000000000000300002  2000000000002  20000000022000000000002000000000022000000000000000000000000000000000000002    2000000000002      
      2222222222222222     2000000000000002200000000000000000000000000000000002  2000000000002222222222222222220302222200000000002200000000000003000003000000000003000302222222222203022222      
                     2222222222222000000000000000000000022222000000000000222222  20000000000022000000000002222200022  20000000000220000000000000000000000000000000000000200000000000002          
                     200000000000000000000030000000000002   20000000000002       222220302222220000000000020000000022222222222222220000000000000222222200000000000222222200000000000002          
                     200000000000000000000000000000000002   20000000000002        20000000000020000000000020000000020000002       200000000000002     200000000000222222200000000000002          
                     200000000000000022222220000000000002   200000000000022222222 200000000000200000000000200000000200000022222222222222030222222     200000000000000000000000000000002          
                     20000000000000002     20000000000002   222222222222220000002 2000000000002000000000002000000002000000200000000000000002 222222222222220000000000000300000000000002          
                     200000000000000022222220000000000002                20000002 2000000000002000000000000000000002000000200000000000000002 200000000000000000000000000000000000000002          
                     20000000000000000000022222220302222222222222222222222000000222000000000000000000000003000000000000000200000000000000002 200000000000000002222222222200000000000002          
                     20000000000000000000022222220000000000000002200000002000000000000000000003000000000000000000003000000200000000000000002 200000000000000002         200000000000002          
                     20000000000000000000000000000000000000000002200000002000000303000000000000000000000002000000000000000200000000000000002 200000000000000002         200000000000002          
                     20000000000000000000030000000000000000000002200000002000000000000000000002000000000002000000002000000000000000000000002 200000000000000002         2222220302222222         
    222222222222     20000000000000000000000000000000000000000002200000002000000222000000000002000000000002000000002000000300000000000000002 200000000000000002           20000000000002         
    200000000002     200000000000002000000222222200000000000000000000000000000002 2000000000002000000000002000000002000000000000000000000002 200000000000000002           20000000000002         
    200000000002     2000000000000020000002     200000000000000030000000030000002 2000000000002000000000002000000002000000200000000000000222 200000000000000002           20000000000002         
    200000000002     2000000000000022203022     222000000000000000000000000000002 20000000000020000000000022220302220000002000000000000002   200000000000000002           20000000000002         
    200000000002     200000000000002 20002        2000000000000022000000022222222222222222222222222222222222220002222203022000000000000002   2000000000000000022222222222220000000000002         
    2000000000022222222222203022222222030222222222200000000000002200000002      20000002     200000000000000200000000000022000000000000002   2000000000000000000000000000220000000000002         
    200000000002000000002220002     20000000000002200000000000002200000002      20000002     200000000000000200000000000022000000000000002   2000000000000000000000000000000000000000002         
    200000000000000000000000002     20000000000002222222030222222200000002      20000002     200000000000000200000000000022000000000000002   2000000000000000000000000000030000000000002         
    222220000003000000003000002     20000000000002     20002    222203022222222220000002     2000000000000002000000000000222222220302222222222222220000000000000000000000000000000000002         
        20000000000000000000002     20000000000002     20002    200000002 200000200000022222220000000000000020000000000002     200000000000002    22222222220000000000000220000000000002         
        22222222000000002222222     200000000000022222220002    200000002 200000200000000000000000000000000000000000000002     200000000000002             20000000000000220000000000002         
               2000000002           200000000000000000000002    200000002 200000200000030000030000000000000030000000000002     200000000000002             22222203022222220000000000002         
               222203022222222222222200000000000030000000002    2000000022200000200000000000000000000000000000000003022222     200000000000002        22222222 2000000002 20000000000002         
                  200000000000000000200000000000000000000002    200000000000000000000002222222000000000000002222220002         200000000000002        20000002 2000000002 20000000000002         
                  200000000000000000200000000000022222222222    200000003030000030000002     2000000000000002 22220302222      200000000000002        20000002 2000000002 22222222222222         
                  20000000000000000020000000000002              200000000000000000003022     2000000000000002 20000000002      200000000000002        20000002 2000000002                        
                  20000000000000000020000000000002              20000000222000002222222      2000000000000002 20000000002      200000000000002        20000002 2000000002                        
                  20000000000000000020000000000002              200000002 2000002            2000000000000002 20000000002      200000000000002        2000000222000000002                        
                  20000000000000000020000000000002              200000002 2000002            2222222222222222 20000000002      200000000000002        2000000000000000002                        
                  200000000000000000222222222222222222222222    200000002 2000002222222222222222              20000000002      200000000000002        2000000303000000002                        
                  2000000000000000002         20000000000002    200000002 2000002000000000000002              20000000002      200000000000002        2000000000000000002                        
                  2222000000000000002         20000000000002222222222222222203022000000000000002              20000000002      200000000000002        2000000222000000002                        
                     2000000000000002         20000000000002000000200000000000022000000000000002              22220302222222222200000000000002        20000002 2000000002                        
                     2000000000000002         20000000000002000000200000000000022000000000000002               2000000000000002222222030222222        20000002 2000000002                        
                     2000000000000002         20000000000002000000200000000000022000000000000002               2000000000000002     20002             20000002 2000000002                        
                     2000000000000002         20000000000000000000000000000000000000000000000002               2000000000000002 22222030222           20000002222220302222222                    
                     2222222030222222         20000000000003000000300000000000003000000000000002 222222222222222000000000000002 20000000002           22222222000000000000002                    
                      200000000002            20000000000000000000000000030200000000000000000002 200000000000002000000000000002 20000000002                  2000000000000002                    
                      200000000002            20000000000002000000222222000222222000000000000002 200000000000002000000000000002 20000000002                  2000000000000002                    
                      200000000002222222222222200000000000020000002    20002    2000000000000002 200000000000002000000000000002 20000000002                  2000000000000002                    
                      200000000002000000000000200000000000020000002    20002    2000000000000002 200000000000002000000000000002 2000000000222222222222       2000000000000002                    
                      200000000002000000000000200000000000020000002    20002    20000000000000022200000000000002000000000000002 2000000000220000000002       2000000000000002                    
                      200000000000000000000000200000000000022222222222220302222220000000000000000000000000000002000000000000002 2000000000220000000002       2000000000000002                    
                      20000000000300000000000020000000000002      2000000000000220000000000000000300000000000002000000000000002 2000000000220000000002       2222222222222222                    
                      200000000000000000000000222222000222222222222000000000000222222220000000000000000000000002222222030222222 2000000000220000000002                                           
                      2000000000022222203022222222220302000000000020000000000002    2000002222222200000000000002     20002      2000000000220000000002                                           
                      200000000002    200000000000000002000000000020000000000002    2000002      200000000000002     20002      2000000000000000000002                                           
                      200000000002    200000000000000002000000000020000000000002    2000002      200000000000002     20002      2000000000030000000002                                           
                      200000000002    20000000000000000200000000000000000000000222222000002222222200000000000002 2222203022222222222000000000000000002                                           
                      200000000002    20000000000000000200000000003000000000000000000000000000000000000000000002 2000000000000220000000000020000000002                                           
                      222220302222222222200000000000000200000000000000000000000000003000003000000000000000000002 2000000000000220000000000000000000002                                           
                         20000000000000020000000000000020000000000222222000000000000000000000000000000003022222222000000000000220000000000030000000002                                           
                         200000000000000222222203022222200000000002    2000222222222200000222222222220000000000002000000000000220000000000000000000002                                           
                         2000000000000002     20002    200000000002    20002        2000002         20000000000000000000000000220000000000020000000002                                           
                         20000000000000022222220002    2222203022222222203022222    2000002         20000000000003000000000000220000000000022222222222                                           
                         20000000000000000000000002        20002   2000000000002    2000002         2000000000000000000030222222222203022222                                                     
                         20000000000000030000000002        20002   2000000000002    2000002         20000000000002000000000000002200000002                                                       
                         20000000000000000000000002        200022222000000000002    222222222222222222222222222222000000000000000000000002                                                       
                         20000000000000022222222222        200000000000000000002        2000000000002            2000000000000000300000002                                                       
                         2000000000000002                  200000003000000000002        2000000000002            2000000000000000000000002                                                       
                         2000000000000002                  200000000000000000002        2000000000002            2000000000000002200000002                                                       
                         2000000000000002                  222222222000000000002        2000000000002            2000000000000002200000002                                                       
                         2000000000000002                          2000000000002        2000000000002      2222222222222030222222222222222                                                       
                         2222222222222222                          2000000000002        2000000000002      20000000000020002                                                                     
                                                                   2222203022222        2000000000002      20000000000020002                                                                     
                                                                       20002            2000000000002      20000000000020002                                                                     
                                                                       20002            2000000000002      20000000000020002                                                                     
                                                                  22222203022222        2000000000002      20000000000000002                                                                     
                                                                  20000000000002        2000000000002      20000000000030002                                                                     
                                                                  20000000000002        2000000000002      20000000000000002                                                                     
                                                                  20000000000002        2000000000002      20000000000022222                                                                     
                                                                  20000000000002        2000000000002      2000000000002                                                                         
                                                                  200000000000022222222222222030222222222222000000000002                                                                         
                                                                  200000000000022000000000002000000000000002000000000002                                                                         
                                                                  200000000000022000000000002000000000000002000000000002                                                                         
                                                                  200000000000000000000000000000000000000002222222222222                                                                         
                                                                  222222000000003000000000003000000000000002                                                                                     
                                                                       2000000000000000000000000000000000002                                                                                     
                                                                       2222222222000000000000000000000000002                                                                                     
                                                                                2000000000000000000000000002                                                                                     
                                                                                2000000000000000000000000002                                                                                     
                                                                                2222222222222000000000000002                                                                                     
                                                                                            2000000000000002                                                                                     
                                                                                            2000000000000002                                                                                     
                                                                                            2000000000000002                                                                                     
                                                                                            2000000000000002                                                                                     
                                                                                            2000000000000002                                                                                     
                                                                                            2222222222222222                                                                                     
                                                                                                                                                                                                 
                                                                                                                                                                                                 
                                                                                                                                                                                                 
                                                                                                                                                                                                 
